1127,13
1120,345
1120,177
1120,346
1119,235
1120,176
1119,211
1120,175
1120,174
1119,215
1120,173
1119,362
1120,172
1121,13
1121,12
0,310
0,305
0,315
0,311
1384,0
1378,0
1063,0
1068,0
1227,0
1043,0
1251,0
1345,0
1334,0
1253,0
1128,0
1127,0
1113,0
1366,0
1365,0
1363,0
1385,0
1367,0
1362,0
1351,0
1290,0
1292,0
1287,0
1282,0
1298,0
1296,0
1294,0
1368,0
1293,0
1370,0
1202,0
1206,0
1204,0
1208,0
1332,0
1276,0
1275,0
1273,0
1316,0
1229,0
1197,0
1196,0
1201,0
1199,0
1272,0
1115,0
1124,0
1125,0
1134,0
1331,0
1349,0
1348,0
1246,0
1236,0
1234,0
1232,0
1344,0
1244,0
1230,0
1247,0
1240,0
1242,0
1238,0
1067,0
1270,0
1268,0
1304,0
1300,0
1302,0
1044,0
1388,0
1267,0
1221,0
1364,0
1325,0
1337,0
1341,0
1330,0
1216,0
1142,0
1117,0
1279,0
1277,0
1225,0
1371,0
1214,0
1223,0
1372,0
1215,0
1046,0
1141,0
1265,0
1263,0
1189,0
1261,0
1323,0
1328,0
1120,0
1123,0
1121,0
1122,0
1119,0
1192,0
1194,0
1260,0
1258,0
1089,0
1322,0
1138,0
1090,0
1255,0
1305,0
1126,0
1346,0
1387,0
1354,0
1137,0
1320,0
1209,0
1318,0
1210,0
1186,0
1377,0
1375,0
1373,0
1161,0
1361,0
1360,0
1359,0
1356,0
1358,0
1355,0
1250,0
1248,0
1317,0
1315,0
1314,0
1211,0
1336,0
1339,0
1343,0
1311,0
1071,0
1313,0
3,0
1,0
2,0
4,0
0,308
0,304
0,303
0,302
0,307
0,492
0,12
0,465
0,10
0,8
0,0
0,417
0,300
0,472
0,299
0,384
0,298
0,440
0,297
0,319
0,296
0,318
0,295
0,430
0,294
0,331
0,293
0,416
0,292
0,464
0,291
0,407
0,290
0,439
0,289
0,463
0,288
0,336
0,287
0,314
0,286
0,462
0,285
0,406
0,284
0,363
0,283
0,309
0,282
0,415
0,281
0,333
0,280
0,306
0,279
0,438
0,278
0,357
0,277
0,329
0,276
0,475
0,275
0,413
0,274
0,423
0,390
0,391
0,393
0,395
0,396
0,397
0,398
0,400
0,402
0,403
0,405
1127,10
1127,7
0,408
1127,5
0,414
0,418
0,424
0,426
1128,4
0,448
0,455
0,466
1128,12
1119,3
0,467
0,482
1120,3
0,483
0,485
0,486
0,488
0,490
0,491
0,495
0,496
0,498
1119,1
1120,171
0,501
0,503
0,506
0,507
0,510
1,1
1,3
2,1
1189,3
1211,3
1317,3
2,7
2,8
1209,3
1209,1
1192,3
1192,1
1261,3
2,14
1263,1
1265,3
1265,1
2,19
2,21
2,23
2,24
4,1
1328,3
1328,1
1323,3
1043,2
1043,4
1323,1
1044,1
1044,2
1216,3
1216,1
1044,4
1300,3
1044,5
1300,1
1240,3
1046,3
1063,1
1240,1
1246,3
1246,1
1063,4
1196,3
1067,2
1067,3
1362,3
1068,1
1068,3
1068,4
1071,1
1384,3
1384,1
1343,3
1071,4
1071,5
1336,3
1336,1
1267,3
1089,3
1089,4
1210,1
1318,3
1090,2
1090,3
1090,4
1194,1
1215,3
1113,2
1113,3
1115,1
1225,1
1371,3
1115,3
1115,4
1330,3
1117,2
1119,2
1330,1
1339,3
1119,5
1119,6
1119,7
1258,3
1260,3
1119,9
1119,11
1119,12
1119,14
1119,16
1223,3
1119,18
1119,19
1119,21
1119,23
1119,24
1341,3
1119,25
1119,27
1341,1
1337,3
1325,3
1119,30
1119,31
1197,3
1197,1
1119,33
1119,34
1119,36
1119,37
1119,39
1119,41
1119,42
1119,44
1119,45
1119,47
1119,48
1119,50
1119,52
1199,1
1201,1
1208,3
1119,53
1119,54
1367,1
1385,3
1119,56
1119,58
1119,59
1385,1
1119,61
1119,62
1363,1
1119,64
1119,65
1119,66
1366,3
1366,1
1320,3
1320,1
1119,69
1119,70
1372,1
1322,3
1322,1
1119,74
1119,76
1119,78
1119,79
1119,81
1119,82
1119,84
1119,86
1119,87
1189,12
1119,89
1119,91
1119,92
1119,94
1119,96
1189,1
1119,98
1119,99
1119,101
1119,103
1119,104
1119,106
1119,107
1119,109
1119,110
1119,112
1119,114
1119,115
1119,117
1119,118
1119,120
1119,122
1119,123
1119,125
1119,126
1119,128
1119,129
1119,131
1119,192
1186,3
1119,194
1119,195
1119,197
1119,199
1186,1
1119,201
1119,202
1119,204
1119,206
1119,207
1119,209
1119,210
1119,212
1119,213
1119,217
1119,218
1119,220
1119,221
1119,223
1119,225
1119,226
1119,228
1119,229
1119,231
1119,232
1119,234
1119,236
1119,237
1119,239
1119,240
1119,242
1119,244
1119,245
1119,247
1119,248
1119,250
1119,251
1119,253
1119,255
1119,256
1119,258
1119,259
1119,261
1119,263
1119,264
1119,266
1119,267
1119,269
1119,271
1119,272
1119,274
1119,275
1119,277
1119,278
1119,280
1119,282
1119,283
1119,285
1119,286
1119,288
1119,290
1119,291
1119,293
1119,294
1119,296
1119,297
1119,299
1119,301
1119,302
1119,304
1119,305
1119,307
1119,309
1119,310
1119,312
1119,313
1119,315
1119,316
1119,318
1119,320
1119,321
1119,323
1119,324
1119,326
1119,328
1119,329
1119,331
1119,332
1119,334
1119,335
1313,3
1313,1
1119,338
1119,339
1311,1
1314,3
1314,1
1119,342
1119,343
1373,1
1375,3
1375,1
1119,346
1119,347
1270,1
1236,3
1119,349
1236,1
1119,351
1331,1
1119,353
1332,3
1332,1
1119,355
1119,356
1119,357
1204,3
1204,1
1119,359
1119,360
1119,361
1296,3
1296,1
1119,363
1227,1
1315,3
1315,1
1377,3
1119,366
1377,1
1378,3
1206,3
1206,1
1119,385
1119,387
1119,388
1119,389
1290,3
1119,390
1119,391
1119,392
1368,3
1368,1
1294,3
1119,396
1294,1
1119,397
1119,398
1119,400
1119,402
1298,1
1370,3
1119,404
1293,3
1119,406
1293,1
1292,3
1119,408
1119,409
1119,410
1250,3
1250,1
1119,413
1119,415
1265,4
1261,5
1261,1
1119,418
1119,419
1119,420
1189,5
1119,422
1189,10
1119,425
1189,11
1119,427
1119,428
1358,3
1119,431
1119,432
1119,433
1119,434
1119,435
1302,1
1242,3
1119,438
1119,439
1119,440
1119,441
1119,443
1119,444
1244,1
1272,3
1119,446
1272,1
1120,5
1120,6
1229,3
1120,8
1120,10
1120,11
1120,13
1120,15
1229,1
1120,16
1120,17
1351,1
1120,19
1120,20
1120,21
1120,22
1120,24
1120,25
1263,4
1120,28
1120,29
1120,31
1120,32
1120,34
1120,36
1120,37
1120,39
1120,40
1387,3
1120,42
1120,44
1304,3
1120,45
1304,1
1120,47
1388,3
1120,49
1120,50
1120,52
1120,53
1120,55
1120,57
1120,58
1304,4
1120,60
1120,62
1120,63
1120,65
1120,66
1120,67
1120,69
1300,4
1120,71
1120,73
1120,74
1120,76
1120,77
1120,78
1221,44
1120,80
1221,1
1221,52
1221,64
1120,82
1120,84
1120,86
1120,87
1120,89
1120,90
1120,91
1120,92
1221,120
1221,113
1120,94
1120,95
1221,104
1120,97
1221,10
1120,98
1120,100
1120,101
1221,134
1120,103
1120,105
1120,107
1120,108
1221,22
1221,36
1221,116
1120,111
1120,112
1120,114
1221,117
1120,116
1221,115
1221,118
1221,137
1120,119
1120,121
1120,122
1120,123
1120,125
1364,8
1120,127
1120,128
1364,1
1120,130
1120,131
1120,133
1120,134
1120,135
1364,7
1120,137
1120,139
1120,140
1120,141
1120,142
1273,1
1253,3
1120,144
1334,1
1120,145
1120,146
1345,1
1120,148
1120,149
1275,1
1120,151
1276,3
1120,152
1120,153
1120,154
1120,155
1255,5
1255,9
1120,158
1255,1
1255,6
1251,39
1120,161
1120,162
1120,163
1120,164
1255,18
1120,166
1251,43
1255,14
1251,16
1120,193
1251,15
1120,195
1120,197
1120,198
1120,200
1251,7
1120,202
1120,203
1120,204
1120,206
1120,208
1120,209
1120,210
1253,1
1120,212
1120,213
1120,214
1120,216
1120,217
1120,219
1120,220
1305,1
1120,223
1120,224
1120,226
1120,227
1120,229
1120,231
1120,232
1248,3
1120,234
1248,1
1120,236
1120,237
1247,3
1120,238
1120,239
1344,3
1120,241
1344,1
1232,3
1120,244
1232,1
1120,246
1234,3
1120,248
1120,249
1120,250
1120,251
1120,252
1120,254
1120,255
1120,256
1355,3
1120,257
1120,259
1120,260
1120,262
1355,1
1361,3
1120,265
1361,1
1120,266
1120,268
1120,269
1360,3
1120,270
1120,271
1356,3
1120,273
1161,4
1120,274
1120,276
1120,277
1120,279
1120,281
1120,282
1120,283
1120,284
1120,286
1120,288
1120,289
1214,6
1120,290
1348,3
1120,292
1120,293
1348,4
1137,3
1120,294
1120,295
1120,297
1137,4
1137,6
1120,298
1348,8
1120,299
1255,4
1215,4
1255,16
1372,4
1349,4
1225,4
1120,303
1120,305
1120,306
1120,308
1120,309
1120,311
1120,312
1120,314
1120,316
1120,317
1126,3
1120,319
1120,321
1120,322
1354,1
1120,324
1346,3
1120,325
1311,7
1120,327
1121,3
1120,329
1120,330
1121,1
1121,4
1120,332
1120,333
1120,334
1120,336
1120,337
1120,339
1120,340
1120,342
1120,343
1121,6
1121,7
1121,9
1121,10
1122,2
1122,4
1123,1
1123,3
1123,4
1124,2
1124,3
1125,1
1125,3
1125,4
1126,2
1126,4
1126,6
1126,8
1126,9
1127,6
1127,8
1128,6
1128,10
1134,1
1134,3
1134,4
1137,5
1138,1
1138,3
1141,2
1141,3
1142,2
1142,3
1142,5
1142,7
1142,8
1142,10
1142,11
1142,13
1142,14
1142,16
1142,18
1142,19
1142,21
1142,22
1142,24
1142,26
1142,27
1142,29
1142,30
1142,32
1142,33
1142,34
1142,36
1142,64
1142,66
1142,67
1142,69
1142,70
1142,71
1142,73
1142,74
1348,6
1142,76
1142,78
1142,80
1142,81
1142,83
1142,84
1142,86
1142,88
1142,89
1142,91
1142,92
1142,94
1142,96
1142,97
1142,99
1142,100
1142,102
1142,103
1142,105
1142,107
1142,108
1142,110
1142,111
1142,113
1142,115
1142,116
1161,5
1186,2
1189,4
1189,7
1189,9
1192,4
1192,5
1194,2
1194,4
1196,2
1196,5
1318,4
1197,4
1199,2
1199,5
1201,2
1201,5
1202,4
1202,5
1204,4
1204,5
1206,4
1208,2
1208,4
1209,2
1209,4
1210,2
1211,1
1211,4
1211,6
1214,2
1214,5
1214,7
1216,2
1216,5
1221,2
1221,6
1221,7
1221,9
1221,12
1221,13
1221,15
1221,17
1221,19
1221,20
1221,23
1221,25
1221,26
1221,28
1221,29
1221,31
1221,33
1221,34
1221,37
1221,38
1221,40
1221,41
1221,45
1221,47
1221,48
1221,50
1221,53
1221,55
1221,57
1221,58
1221,60
1221,61
1221,63
1221,65
1221,67
1221,69
1221,70
1221,72
1221,73
1221,75
1221,77
1221,78
1221,80
1221,81
1221,83
1221,85
1221,86
1221,88
1221,89
1221,91
1221,92
1221,94
1221,96
1221,97
1221,99
1221,100
1221,102
1221,105
1221,106
1221,108
1221,109
1221,111
1221,112
1221,128
1221,130
1221,131
1221,133
1221,135
1221,192
1223,4
1223,5
1225,5
1227,2
1229,2
1229,4
1229,6
1232,2
1232,4
1234,4
1234,5
1236,4
1238,2
1238,4
1240,4
1240,5
1242,4
1244,2
1244,4
1246,2
1246,4
1247,2
1247,4
1248,4
1250,5
1251,2
1251,5
1251,6
1251,9
1251,11
1251,12
1251,14
1251,17
1251,19
1251,20
1251,22
1251,24
1251,25
1251,27
1251,28
1251,30
1251,32
1251,33
1251,35
1251,36
1251,38
1251,40
1253,2
1253,6
1253,7
1255,8
1255,10
1255,13
1258,1
1258,2
1258,5
1258,6
1258,8
1258,9
1260,1
1260,4
1260,5
1260,7
1260,8
1260,10
1260,12
1260,13
1261,2
1261,4
1263,5
1265,5
1267,1
1267,4
1267,5
1267,7
1267,8
1267,10
1267,12
1267,13
1267,15
1267,16
1267,18
1267,20
1267,21
1267,23
1267,24
1267,26
1268,1
1268,3
1268,5
1268,6
1268,8
1268,9
1270,2
1270,5
1272,2
1272,5
1273,2
1275,2
1275,4
1276,2
1277,1
1277,2
1277,4
1277,5
1279,2
1279,4
1279,5
1282,4
1282,5
1282,7
1287,4
1287,5
1287,7
1287,8
1290,4
1290,5
1292,2
1292,5
1293,2
1294,2
1294,4
1296,4
1298,2
1298,4
1300,2
1300,5
1302,5
1304,2
1305,2
1311,2
1311,4
1311,6
1311,8
1311,10
1313,2
1313,4
1313,6
1314,2
1314,5
1315,2
1316,2
1316,5
1317,2
1317,5
1318,2
1320,4
1322,2
1322,4
1325,1
1325,2
1325,5
1325,6
1325,8
1325,10
1325,11
1325,13
1325,14
1328,2
1328,5
1330,2
1331,2
1331,4
1332,2
1334,2
1334,4
1336,4
1336,5
1337,2
1337,4
1337,6
1339,4
1339,5
1341,4
1341,5
1343,4
1344,2
1345,2
1346,2
1346,4
1348,7
1349,2
1351,4
1354,2
1354,4
1355,2
1355,4
1358,2
1359,2
1360,2
1361,4
1362,2
1363,2
1364,2
1365,2
1367,2
1368,2
1370,2
1370,4
1371,2
1373,2
1373,4
1375,4
1375,5
1377,4
1378,2
1378,4
1384,4
1384,5
1384,7
1384,8
1385,2
1387,4
1387,6
1388,4
1120,170
1388,2
1387,2
1384,9
1384,6
1384,2
1377,5
1377,2
1375,2
1372,2
1370,5
1368,4
1366,2
1364,5
1362,5
1361,2
1358,4
1356,2
1354,5
1351,5
1351,2
1348,2
1345,4
1343,5
1343,2
1341,2
1339,2
1337,5
1337,1
1336,2
1332,4
1331,5
1330,4
1328,4
1325,15
1325,12
1325,9
1325,7
1325,4
1323,2
1320,5
1320,2
1317,4
1316,4
1315,4
1314,4
1313,5
1311,11
1311,9
1311,5
1305,4
1304,5
1302,2
1298,5
1296,5
1296,2
1293,4
1292,4
1290,6
1290,2
1287,6
1287,2
1282,6
1282,2
1279,3
1279,1
1277,3
1276,4
1275,5
1273,4
1272,4
1270,4
1268,10
1268,7
1268,4
1268,2
1267,25
1267,22
1267,19
1267,17
1267,14
1267,11
1267,9
1267,6
1267,2
1265,2
1263,2
1260,14
1260,11
1260,9
1260,6
1260,2
1258,10
1258,7
1258,4
1255,15
1255,11
1255,2
1253,5
1251,41
1251,37
1251,34
1251,31
1251,29
1251,26
1251,23
1251,21
1251,18
1251,13
1251,10
1251,8
1251,4
1250,2
1248,2
1246,5
1244,5
1242,5
1242,2
1240,2
1236,5
1236,2
1234,2
1230,2
1229,5
1227,5
1225,2
1223,2
1221,136
1221,132
1221,129
1221,119
1221,110
1221,107
1221,103
1221,101
1221,98
1221,95
1221,93
1221,90
1221,87
1221,84
1221,82
1221,79
1221,76
1221,74
1221,71
1221,68
1221,66
1221,62
1221,59
1221,56
1221,54
1221,49
1221,46
1221,43
1221,39
1221,35
1221,32
1221,30
1221,27
1221,24
1221,21
1221,18
1221,14
1221,11
1221,8
1221,5
1216,4
1215,2
1214,4
1211,5
1211,2
1209,5
1208,5
1206,5
1206,2
1204,2
1202,2
1201,4
1199,4
1197,2
1196,4
1210,4
1192,6
1192,2
1189,8
1189,2
1161,2
1142,114
1142,112
1142,109
1142,106
1142,104
1142,101
1142,98
1142,95
1142,93
1142,90
1142,87
1142,85
1142,82
1142,79
1142,77
1142,75
1142,72
1348,5
1142,68
1142,65
1142,35
1126,10
1142,31
1142,28
1142,25
1142,23
1142,20
1142,17
1142,15
1142,12
1142,9
1142,6
1142,4
1142,1
1141,1
1138,2
1137,2
1134,2
1128,11
1128,2
1127,2
1126,7
1126,5
1126,1
1125,2
1124,4
1124,1
1123,2
1122,3
1122,1
1121,8
1121,5
1120,344
1120,341
1120,338
1120,335
1227,4
1250,4
1121,2
1120,331
1121,11
1120,328
1120,326
1346,1
1120,323
1354,3
1120,320
1120,318
1120,315
1120,313
1120,310
1120,307
1120,304
1120,302
1120,301
1255,12
1120,300
1371,4
1348,1
1137,1
1120,296
1189,6
1349,1
1349,3
1120,291
1387,5
1120,287
1120,285
1362,4
1120,280
1120,278
1120,275
1356,1
1120,272
1360,1
1359,1
1120,267
1359,3
1120,264
1120,263
1120,261
1120,258
1161,1
1161,3
1120,253
1230,4
1234,1
1120,247
1120,245
1120,243
1120,242
1120,240
1247,1
1230,1
1230,3
1120,235
1120,233
1120,230
1120,228
1120,225
1120,222
1120,221
1120,218
1120,215
1305,3
1120,211
1253,4
1120,207
1120,205
1251,42
1120,201
1120,199
1120,196
1120,194
1255,7
1120,192
1120,165
1255,17
1251,1
1120,160
1120,159
1120,157
1120,156
1316,1
1316,3
1276,1
1120,150
1275,3
1120,147
1345,3
1334,3
1120,143
1273,3
1251,3
1120,138
1120,136
1364,6
1120,132
1364,9
1120,129
1120,126
1120,124
1364,4
1120,120
1120,118
1120,117
1120,115
1120,113
1120,110
1221,42
1120,109
1120,106
1120,104
1120,102
1120,99
1221,16
1120,96
1221,114
1221,121
1120,93
1221,122
1120,88
1120,85
1120,83
1221,51
1120,81
1120,79
1221,4
1120,75
1120,72
1120,70
1120,68
1302,4
1120,64
1120,61
1120,59
1120,56
1120,54
1120,51
1388,1
1120,48
1120,46
1387,1
1120,43
1120,41
1120,38
1120,35
1120,33
1120,30
1120,27
1120,26
1120,23
1238,1
1238,3
1120,18
1351,3
1120,14
1120,12
1120,9
1120,7
1120,4
1120,2
1119,445
1244,3
1119,442
1242,1
1119,437
1119,436
1302,3
1358,1
1119,430
1119,429
1119,426
1119,424
1119,423
1119,421
1261,6
1119,417
1119,416
1119,414
1119,412
1119,411
1292,1
1119,407
1119,405
1370,1
1119,403
1119,401
1119,399
1298,3
1119,395
1119,394
1119,393
1290,1
1287,1
1287,3
1119,386
1119,384
1378,1
1119,367
1119,365
1119,364
1227,3
1282,1
1282,3
1119,358
1202,1
1202,3
1119,354
1119,352
1331,3
1119,350
1119,348
1270,3
1119,345
1119,344
1373,3
1119,341
1119,340
1311,3
1119,337
1119,336
1119,333
1119,330
1119,327
1119,325
1119,322
1119,319
1119,317
1119,314
1119,311
1119,308
1119,306
1119,303
1119,300
1119,298
1119,295
1119,292
1119,289
1119,287
1119,284
1119,281
1119,279
1119,276
1119,273
1119,270
1119,268
1119,265
1119,262
1119,260
1119,257
1119,254
1119,252
1119,249
1119,246
1119,243
1119,241
1119,238
1119,233
1119,230
1119,227
1119,224
1119,222
1119,219
1119,216
1119,214
1119,208
1119,205
1119,203
1119,200
1119,198
1119,196
1119,193
1119,132
1119,130
1119,127
1119,124
1119,121
1119,119
1119,116
1119,113
1119,111
1119,108
1119,105
1119,102
1119,100
1119,97
1119,95
1119,93
1119,90
1119,88
1119,85
1119,83
1119,80
1119,77
1119,75
1119,73
1119,72
1372,3
1119,68
1119,67
1365,1
1365,3
1119,63
1363,3
1119,60
1119,57
1119,55
1367,3
1208,1
1201,3
1119,51
1119,49
1119,46
1119,43
1119,40
1119,38
1119,35
1199,3
1119,32
1364,3
1119,29
1119,28
1119,26
1223,1
1119,22
1119,20
1119,17
1119,15
1119,13
1119,10
1119,8
1255,3
1339,1
1119,4
1117,3
1117,1
1371,1
1115,2
1225,3
1215,1
1113,1
1194,3
1318,1
1090,1
1210,3
1089,2
1089,1
1343,1
1071,3
1071,2
1362,1
1068,2
1067,4
1196,1
1067,1
1063,3
1063,2
1046,4
1046,2
1046,1
1221,3
1044,3
1214,1
1214,3
1043,3
1043,1
4,3
2,26
2,22
2,18
2,17
1263,3
2,13
2,11
2,9
1317,1
2,5
2,3
1120,1
0,511
0,509
0,505
0,500
0,499
0,497
0,493
0,489
0,487
0,484
1119,71
0,481
1128,9
1128,5
1128,8
0,441
0,419
0,410
1127,12
1127,4
0,404
0,401
0,399
1127,1
0,394
0,392
0,389
0,388
0,387
0,386
0,385
1127,11
1127,9
0,382
0,351
0,330
0,328
0,326
0,325
0,324
0,323
0,317
0,316
0,313
0,312
1127,3
0,301
1128,1
0,243
1128,7
1128,3
0,9
0,273
0,360
0,272
0,437
0,271
0,422
0,270
0,335
0,269
0,421
0,268
0,429
0,267
0,436
0,266
0,346
0,265
0,345
0,264
0,461
0,263
0,435
0,262
0,412
0,261
0,409
0,260
0,411
0,259
0,332
0,258
0,508
0,257
0,344
0,256
0,428
0,255
0,320
0,254
0,350
0,253
0,420
0,252
0,460
0,251
0,434
0,250
0,459
0,249
0,458
0,248
0,457
0,247
0,353
0,246
0,343
0,245
0,427
0,244
0,480
0,242
0,504
0,241
0,474
0,240
0,502
0,239
0,477
0,238
0,456
0,237
0,454
0,236
0,453
0,235
0,452
0,234
0,451
0,233
0,449
0,232
0,450
0,231
0,342
0,230
0,347
0,229
0,494
0,228
0,471
0,227
0,226
0,356
0,225
0,383
0,224
0,470
0,223
0,381
0,222
0,380
0,221
0,355
0,220
0,327
0,219
0,425
0,218
0,379
0,217
0,378
0,216
0,348
0,215
0,476
0,214
0,433
0,213
0,377
0,212
0,359
0,211
0,376
0,210
0,341
0,209
0,322
0,208
0,358
0,207
0,321
0,206
0,340
0,205
0,432
0,204
0,478
0,203
0,473
0,202
0,469
0,201
0,375
0,200
0,374
0,199
0,373
0,198
0,337
0,197
0,447
0,196
0,446
0,195
0,352
0,194
0,339
0,193
0,445
0,192
0,444
0,63
0,443
0,62
0,372
0,61
0,371
0,60
0,354
0,59
0,370
0,58
0,338
0,57
0,442
0,56
0,362
0,55
0,361
0,54
0,369
0,53
0,368
0,52
0,367
0,51
0,431
0,50
0,366
0,49
0,365
0,48
0,364
0,47
0,468
0,46
0,349
0,45
0,334
0,6
0,5
0,1
0,479
0,11
0,4
0,2
0,3
0,7
